7777777777777777777777777777777777777777777777
7777777777777777770000000000077777777777777777
7777777777777777000777777777000777777777777777
7777777777777700077700000007770077777777777777
7777777777777700770007777700077007777777777777
7777777777777007700 77000770007700777777777777
7777777777777007700770070077007700777777777777
7777777777777007770077770077007700777777777777
7777777777777700777000000770007700777777777777
7777777777777770007777777700077007777777777777
7777777777777777700000000007770077777777777777
777777777777 7777777700 7777000777777777777777
7777770000000000000777777000077777777777777777
7777000 77777777770000000007770000000000 77777
77700777 0000000077700770077000777777770007777
770077 00077777 0007700007700077000000 7700077
70077 00777000 7700077000770077007777000770077
70077007700 7 00770077000770077007007770077007
700770077000077007700770077007700 700770077007
70077 0077777700777007700770007770007700 7 007
77007770007 0000770077770077000077777000770077
7770067770000 77700777777007777000000077700777
7777000077777700007777777700007777777770007777
7777777000000007777777777777000000000000777777
7777777777777777777777777777777777777777777777
